0,591
0,588
0,586
0,585
0,583
0,582
0,580
0,579
0,577
0,571
0,569
0,568
0,565
0,560
0,559
0,556
0,553
0,543
0,542
0,536
0,533
0,532
0,528
0,527
0,523
0,521
0,511
0,510
0,509
0,503
0,502
0,501
0,499
0,498
0,497
0,494
0,493
0,491
0,490
0,489
0,486
0,485
0,484
0,483
0,482
0,481
0,479
0,476
0,475
0,473
0,471
0,470
0,469
0,465
0,464
0,461
0,460
0,459
0,456
0,451
0,448
0,446
0,444
0,435
0,410
0,389
0,383
0,377
0,376
0,373
0,367
0,365
0,362
0,360
0,359
0,357
0,355
0,346
0,345
0,344
0,343
0,342
0,333
0,328
0,327
0,326
0,323
0,322
0,319
0,243
0,463
0,450
0,447
0,458
188,1
188,3
0,449
0,457
0,452
188,0
0,477
0,9
0,310
0,305
0,412
0,500
0,495
0,488
0,474
0,462
0,455
0,445
0,442
0,487
0,454
0,504
0,472
0,480
0,467
0,466
0,308
0,492
0,304
0,496
0,303
0,302
0,307
0,443
0,12
0,388
0,10
0,453
0,8
0,0
0,300
0,563
0,299
0,562
0,298
0,401
0,297
0,400
0,296
0,295
0,561
0,294
0,399
0,293
0,430
0,292
0,398
0,291
0,397
0,290
0,416
0,289
0,288
0,508
0,287
0,425
0,286
0,526
0,285
0,525
0,284
0,524
0,283
0,375
0,282
0,281
0,315
0,280
0,405
0,592
0,593
0,595
0,597
0,600
0,601
0,604
0,607
4,0
4,3
0,610
4,1
1,0
0,616
0,618
0,619
0,622
2,3
1,6
0,627
1,1
2,111
1,5
1,7
2,4
2,5
2,7
2,8
2,10
2,11
2,13
2,18
2,19
2,22
2,23
2,25
2,27
2,28
2,34
2,64
2,66
2,67
2,69
2,71
2,72
2,74
2,75
2,77
2,79
2,80
2,82
2,83
2,85
2,87
2,88
2,90
2,91
2,93
2,94
2,96
2,98
2,99
2,101
2,102
2,104
2,106
2,107
2,109
2,110
2,113
2,114
2,116
2,118
2,119
2,121
2,122
5,0
5,3
6,0
6,3
7,0
7,3
8,0
8,3
9,1
9,3
10,1
10,3
11,0
11,3
11,5
12,0
12,1
12,5
13,1
13,3
13,7
14,0
14,3
14,4
15,1
16,0
16,1
19,0
19,1
28,0
28,3
29,0
29,3
30,0
30,3
31,0
31,3
32,1
32,3
32,6
32,7
33,1
33,5
33,6
33,9
34,0
34,3
35,0
35,3
36,1
36,3
37,1
37,3
38,0
38,3
38,4
39,1
39,3
39,5
40,0
40,3
41,1
41,3
42,0
42,1
43,0
43,3
44,0
44,3
45,0
45,3
46,1
46,3
47,1
47,3
48,1
48,3
48,5
48,7
49,0
49,3
50,0
50,3
51,1
51,3
52,1
52,3
52,6
52,8
53,0
53,3
53,4
54,1
54,3
54,5
55,1
55,3
56,0
56,1
57,0
57,1
58,0
58,3
59,0
59,3
60,0
60,3
61,1
61,3
62,1
62,3
63,1
63,6
63,7
64,0
64,1
67,0
67,1
76,0
76,3
76,5
77,1
77,3
78,1
79,0
79,1
80,0
80,1
81,0
81,1
82,0
82,3
83,0
83,3
84,0
84,3
85,1
85,3
86,1
86,3
87,1
87,3
88,1
89,0
89,1
90,0
90,1
91,0
91,3
91,4
92,1
92,3
93,1
93,3
94,1
94,4
95,0
95,3
95,4
95,6
96,1
96,3
97,1
97,3
98,0
98,3
98,4
99,1
99,3
99,6
99,7
102,1
105,1
105,3
106,1
106,3
107,3
108,1
108,3
110,0
110,1
111,1
111,3
112,0
112,3
112,4
112,6
112,8
115,1
116,0
116,1
118,0
118,1
119,0
119,1
119,4
120,0
120,1
121,0
121,1
122,0
122,2
122,3
122,5
122,6
123,1
124,0
124,1
124,4
125,0
125,3
125,5
125,7
125,9
125,10
125,12
125,13
125,16
125,18
125,19
125,21
126,0
126,3
126,4
126,6
127,1
127,3
127,5
127,6
127,10
127,12
127,13
127,16
127,17
127,19
127,21
127,24
127,26
127,27
127,29
127,30
127,32
127,34
128,0
128,3
128,4
128,6
128,8
128,9
128,11
128,12
128,14
128,16
128,18
128,20
128,21
128,23
128,24
128,26
128,28
128,29
128,31
128,32
128,35
128,36
128,38
128,41
128,42
128,44
128,46
128,48
128,50
128,52
128,54
128,55
128,58
128,59
128,61
128,63
128,65
128,67
128,68
128,71
128,74
128,76
128,79
128,80
128,82
128,83
128,85
128,88
128,90
128,92
128,93
128,95
128,97
128,98
128,100
128,101
128,103
128,105
128,106
128,108
128,109
128,112
129,0
129,3
129,5
129,6
129,8
129,9
129,12
129,15
129,17
129,20
129,21
129,24
129,26
129,29
129,32
129,34
129,36
129,37
129,40
129,43
129,45
129,66
129,68
129,71
129,73
129,76
129,79
129,80
129,84
129,85
129,88
130,0
130,1
130,4
130,5
130,7
130,9
130,10
130,12
130,13
130,15
130,16
130,18
130,21
130,23
130,26
130,27
130,30
130,32
130,34
130,37
130,38
130,42
130,43
130,46
130,48
130,50
130,53
130,54
130,57
130,61
130,62
130,65
130,67
130,70
130,72
130,75
130,78
130,80
130,82
130,83
130,85
130,87
130,88
130,91
130,92
130,96
130,97
130,99
130,102
130,103
130,131
130,132
130,135
130,137
130,139
130,142
130,143
130,146
130,193
131,0
131,3
132,0
132,3
132,4
133,0
133,3
133,4
133,6
133,7
134,1
134,4
134,5
134,7
135,0
135,3
135,4
135,6
136,0
136,1
136,4
136,5
136,7
137,1
137,3
137,5
137,6
138,0
138,1
138,5
138,8
138,10
138,13
138,14
138,17
138,21
138,22
138,25
138,27
138,30
138,33
138,35
139,1
139,3
140,1
140,3
141,1
142,0
142,1
142,4
142,5
142,7
142,9
142,10
143,1
143,3
144,1
144,3
144,6
144,9
144,10
144,14
144,15
144,18
144,21
145,0
145,3
146,0
146,3
147,0
147,3
147,6
147,7
147,10
147,12
147,15
147,18
148,0
148,3
149,0
149,3
149,4
149,6
150,1
150,3
150,6
150,8
150,10
150,12
150,13
150,16
150,17
150,19
150,22
151,0
151,3
151,4
151,7
151,8
151,10
151,13
151,14
151,16
151,18
151,20
151,23
151,24
151,27
151,28
151,30
151,31
152,0
152,3
152,4
153,1
153,3
154,1
155,0
155,1
156,0
156,1
157,0
157,1
158,0
158,3
158,5
159,1
159,3
159,5
159,7
159,9
159,11
163,0
163,3
164,1
164,2
164,4
165,0
165,3
166,0
166,3
167,1
167,3
168,1
168,3
169,1
170,0
170,1
171,0
171,1
172,0
172,1
173,0
173,3
174,0
174,3
175,0
175,3
176,1
176,3
177,1
177,3
178,1
178,3
179,1
180,0
180,1
181,0
181,1
182,0
182,3
182,4
182,6
182,8
182,11
182,14
186,0
186,3
187,0
187,3
188,2
188,5
189,1
189,3
190,1
190,3
191,1
195,0
195,1
196,0
196,1
197,0
197,1
198,0
198,3
199,0
199,3
200,0
200,3
201,0
201,1
201,4
201,6
201,9
201,11
201,14
201,17
201,19
201,22
201,23
201,27
201,30
203,0
203,3
204,0
204,2
204,3
204,5
206,1
206,3
207,1
207,3
208,1
209,0
209,1
210,0
210,1
211,0
211,3
212,0
212,3
213,0
213,3
214,0
214,3
215,0
215,1
216,0
216,1
216,4
218,0
218,1
219,0
219,1
219,3
220,0
220,3
221,1
221,3
222,1
222,3
223,1
224,0
224,1
225,0
225,1
226,0
226,1
226,4
227,1
227,3
228,0
228,1
228,4
228,6
228,7
228,9
228,10
228,12
228,15
228,16
228,18
228,20
228,22
228,23
229,0
229,3
229,6
230,0
230,1
230,5
230,7
230,8
231,1
231,3
234,0
234,1
237,0
237,3
238,1
239,0
239,1
240,3
241,1
241,3
242,3
243,0
243,3
244,0
244,3
245,1
245,3
246,1
246,3
247,1
247,7
247,8
247,11
248,0
248,2
248,3
248,5
248,8
248,10
248,13
248,15
249,1
250,0
250,1
250,3
251,0
251,3
252,1
252,3
253,2
254,0
254,2
254,3
256,1
258,0
258,1
258,3
259,0
259,3
260,1
260,2
261,0
261,1
261,5
261,6
262,1
262,3
262,4
263,1
263,3
263,6
263,9
263,11
264,0
264,1
264,3
264,4
264,7
264,10
264,12
264,15
265,1
266,0
266,3
267,0
267,3
268,0
268,3
269,1
269,2
270,0
270,1
271,0
271,1
271,3
272,1
272,3
273,2
274,0
274,2
275,0
275,1
276,0
276,1
277,0
277,1
277,4
278,1
278,2
278,5
278,6
278,9
279,0
279,1
279,4
279,6
279,9
279,11
279,14
280,0
280,1
280,3
281,1
282,0
282,2
282,3
283,2
284,0
284,3
285,0
285,2
286,0
286,1
287,1
287,2
288,1
289,0
289,1
289,3
290,0
290,2
291,0
291,1
291,3
291,4
292,1
292,2
292,4
293,0
293,1
293,4
294,0
294,3
295,0
295,1
295,3
295,5
296,1
296,2
296,4
297,0
297,1
297,3
297,4
298,0
298,2
298,3
299,0
299,1
299,3
299,4
300,0
300,2
300,3
300,5
301,0
301,3
302,0
302,1
302,5
302,6
303,1
303,3
303,4
304,0
304,1
304,3
304,5
305,0
305,3
305,4
306,1
306,2
306,4
307,0
307,1
307,3
308,0
308,2
308,3
309,1
309,3
310,0
310,3
310,4
311,1
311,4
312,0
312,2
312,3
312,5
313,0
313,3
313,6
314,0
314,2
314,3
314,5
315,1
315,3
315,5
316,0
316,2
317,0
317,1
317,3
317,5
318,1
318,2
319,0
319,3
320,0
320,2
320,3
321,0
321,2
321,3
321,5
322,0
322,2
322,3
322,5
322,7
322,8
322,10
322,11
322,13
322,15
322,16
323,1
323,2
324,0
324,1
324,3
325,0
325,1
325,3
325,5
326,1
326,4
326,6
327,1
327,3
328,0
328,1
328,5
329,1
329,2
329,5
330,0
330,2
330,4
331,0
331,2
331,3
332,0
332,2
332,3
333,1
333,3
334,1
334,3
335,0
335,3
335,4
336,1
336,2
336,4
336,6
337,0
337,2
337,3
337,6
338,0
338,2
338,5
338,6
339,1
339,3
340,0
340,2
340,3
341,0
341,1
341,3
341,4
342,1
342,3
342,4
342,7
343,0
343,2
343,5
343,7
343,10
343,11
343,15
343,18
343,19
343,22
343,24
343,27
343,29
343,32
343,35
343,65
343,68
343,69
343,73
343,76
343,77
343,81
343,82
343,85
343,87
343,90
343,93
343,95
343,98
343,100
343,103
343,106
343,108
343,111
343,112
343,115
343,117
343,120
343,123
343,125
343,128
343,130
343,133
343,136
343,138
343,141
343,142
343,146
343,147
343,150
343,153
343,155
343,158
343,160
343,163
343,166
343,168
343,171
343,173
343,176
343,179
343,180
343,184
343,185
343,188
343,190
343,193
343,196
343,198
343,201
343,203
343,206
343,209
343,211
343,214
343,215
343,218
343,220
343,223
343,226
343,228
343,231
343,233
343,236
343,239
343,241
343,244
343,245
343,249
343,250
343,253
343,257
343,258
343,261
343,263
343,266
343,269
343,271
343,274
343,276
343,279
343,282
343,283
343,287
343,288
343,291
343,293
343,296
343,299
343,301
343,304
343,306
343,309
343,312
343,314
343,317
343,318
343,322
343,323
343,326
343,329
343,331
343,334
343,336
343,339
343,342
343,344
343,347
343,348
343,352
343,353
343,356
343,360
343,361
343,364
343,366
343,369
343,372
343,374
343,377
343,379
343,382
343,383
343,387
343,390
343,391
343,394
343,396
343,399
343,402
343,404
343,407
343,409
344,0
344,3
345,0
345,2
345,3
345,5
346,0
346,3
346,6
347,0
347,2
347,3
348,1
348,3
348,4
349,1
349,2
350,0
350,1
350,3
351,1
351,3
351,6
351,8
351,11
351,14
351,16
351,19
351,20
351,24
351,25
351,28
352,1
352,2
353,0
353,1
353,3
353,6
354,0
354,3
354,4
355,1
355,3
356,0
356,3
357,0
357,2
357,3
358,1
359,0
359,1
359,3
360,0
360,3
360,6
360,8
361,1
361,2
361,5
361,7
362,0
362,2
362,3
363,1
363,2
363,5
363,8
364,0
364,2
364,3
364,5
365,0
365,3
365,6
366,0
366,2
366,3
366,5
367,1
367,2
368,0
368,1
369,0
369,2
369,3
370,0
370,1
370,3
371,0
371,3
372,0
372,1
372,3
372,4
373,1
373,3
373,4
374,1
374,2
375,0
375,1
375,3
375,6
376,0
376,2
376,3
377,1
377,3
378,0
378,2
378,3
379,0
379,1
379,3
380,1
380,2
380,4
380,6
381,1
381,3
382,0
382,3
383,0
383,2
383,3
384,1
384,3
385,0
385,2
385,3
386,1
386,3
386,4
387,0
387,1
387,3
387,6
388,0
388,3
388,4
389,1
389,2
389,4
390,1
390,3
391,0
391,1
391,4
392,1
392,3
393,0
393,1
393,4
393,6
394,1
394,3
394,4
395,1
395,2
395,5
396,1
396,2
396,4
396,5
397,1
397,2
397,4
398,0
398,1
398,3
398,5
399,0
399,3
399,4
400,0
400,1
400,3
400,5
401,0
401,3
402,0
402,3
402,4
403,1
403,3
403,4
404,1
404,2
404,4
405,1
405,2
405,4
406,0
406,2
406,3
407,2
408,1
408,2
409,1
409,2
410,1
410,3
411,1
412,0
412,1
413,1
413,2
414,1
415,1
415,2
416,1
416,3
417,1
417,3
417,4
418,0
418,1
419,0
419,1
419,3
420,1
420,2
420,4
420,5
421,1
421,3
421,4
422,1
422,2
422,4
423,1
423,2
424,0
424,1
424,3
425,0
425,3
426,0
426,1
426,4
426,6
427,0
427,3
427,4
427,7
428,0
428,2
428,3
428,6
429,0
429,1
429,3
429,4
430,1
430,3
430,4
431,1
431,2
432,0
432,1
433,0
433,2
433,3
434,0
434,1
434,4
434,8
434,9
434,12
435,0
435,2
435,4
435,5
436,1
436,3
436,6
437,0
437,2
437,4
438,0
438,2
438,3
439,0
439,2
439,3
440,0
440,1
440,3
440,4
440,7
441,1
441,2
441,5
442,0
442,2
442,4
443,0
443,2
443,3
444,0
444,1
444,3
445,1
445,3
446,0
446,1
446,3
446,5
447,0
447,3
447,4
447,6
448,0
448,2
448,4
448,5
449,1
449,3
450,0
450,3
450,4
451,1
451,2
451,4
452,1
452,2
452,4
453,0
453,2
453,3
454,1
454,3
455,0
455,3
455,5
456,1
456,3
456,5
457,1
457,3
458,0
458,1
458,3
459,0
459,1
459,3
459,4
460,1
460,3
460,4
461,0
461,1
461,3
461,4
462,0
462,3
462,4
463,1
463,3
464,2
465,1
465,3
466,2
467,0
467,3
468,2
469,0
469,3
470,0
470,2
470,3
471,3
472,1
472,2
473,1
473,3
474,1
474,3
475,0
475,2
475,3
475,6
476,0
476,2
476,4
477,0
477,3
477,4
478,1
478,3
478,5
479,1
479,2
479,5
480,0
480,3
481,1
481,2
482,0
482,1
483,0
483,2
483,3
484,1
484,3
485,1
485,3
486,0
486,3
486,4
487,1
487,3
488,0
488,2
488,3
489,0
489,1
489,3
490,1
490,3
494,0
494,1
494,3
496,0
496,3
497,0
497,1
497,3
498,0
498,3
499,1
499,3
500,0
500,1
500,3
500,4
500,7
500,10
500,12
501,0
501,1
501,3
501,7
501,8
501,11
502,0
502,2
502,3
502,6
502,9
502,10
502,14
502,15
503,1
503,3
503,4
503,7
503,9
504,1
504,3
504,5
504,8
504,10
505,0
505,1
505,3
505,6
505,7
505,10
505,12
505,15
505,18
505,20
505,23
505,25
506,0
506,1
506,3
507,1
507,2
507,5
507,6
507,10
508,0
508,1
508,4
508,6
508,9
508,11
509,1
509,3
509,4
509,7
510,0
510,2
511,0
511,1
511,3
512,0
512,3
513,0
513,1
513,3
513,4
514,1
514,3
515,0
515,2
515,3
516,1
516,2
517,0
517,2
517,3
518,1
518,2
519,0
519,1
519,3
520,1
520,3
521,1
521,2
522,0
522,3
523,0
523,2
523,3
524,1
524,3
525,1
525,3
530,0
530,3
530,4
531,0
531,3
532,0
532,2
532,3
533,1
533,3
534,1
534,3
535,1
536,0
536,1
536,3
537,2
538,0
538,3
539,1
540,0
540,3
541,1
611,0
611,1
611,3
611,4
611,6
611,8
611,9
615,0
615,1
615,3
615,5
615,6
615,8
615,9
615,11
615,12
615,14
615,16
615,17
615,19
615,20
615,22
615,24
615,25
615,27
615,28
615,30
615,31
615,33
615,35
615,36
615,38
615,39
615,41
615,43
615,44
615,46
615,47
615,49
615,51
615,52
615,54
615,55
615,57
615,58
615,60
615,62
615,63
615,65
615,66
615,68
615,70
615,71
615,73
616,0
616,2
616,3
616,5
620,0
620,1
620,3
620,4
620,6
620,8
620,9
620,11
620,12
620,14
620,15
620,17
620,19
620,20
620,22
620,23
620,25
621,1
621,2
621,4
621,5
621,7
621,8
621,10
621,12
621,13
621,15
621,16
621,18
621,20
621,21
621,23
621,24
621,26
621,28
621,29
621,31
621,32
621,34
621,35
621,37
621,39
621,40
621,42
621,43
621,45
621,47
621,48
621,50
621,51
621,53
621,54
621,56
621,58
621,59
621,61
621,62
621,64
621,66
621,67
621,69
621,70
621,72
621,73
621,75
621,77
621,78
621,80
621,81
621,83
621,85
621,86
621,88
621,89
621,91
621,93
621,94
621,96
621,97
621,99
621,100
621,102
621,104
621,105
621,129
621,130
621,132
621,134
621,135
621,137
621,138
621,140
621,141
621,143
621,145
621,146
621,148
621,149
621,151
621,153
621,154
621,156
621,157
621,159
621,160
621,162
621,164
621,165
621,167
621,168
621,170
621,172
621,173
621,175
621,176
622,1
622,3
622,4
622,6
622,7
622,9
622,10
623,0
623,2
623,3
624,1
624,2
625,0
625,2
625,3
626,1
626,2
627,0
627,1
627,3
628,1
628,2
629,0
629,1
629,3
630,1
630,2
631,0
631,1
631,3
632,0
632,2
633,0
633,1
633,3
634,0
634,2
634,4
634,5
634,7
634,8
634,10
635,0
635,2
635,4
635,5
635,7
635,8
635,10
635,12
635,13
635,15
635,16
636,0
636,2
636,3
636,5
636,6
636,8
636,9
636,11
636,13
636,14
636,16
636,17
636,19
636,21
636,22
636,24
636,25
636,27
636,28
636,30
636,32
636,33
637,0
637,1
637,3
637,5
638,0
638,2
638,3
638,5
638,6
638,8
638,10
638,11
638,13
638,14
638,16
638,18
638,19
638,21
638,22
638,24
638,26
638,27
638,29
638,30
638,32
638,33
638,35
638,37
638,38
638,40
638,41
638,43
638,45
638,46
638,48
638,49
638,51
638,52
638,54
638,56
638,57
638,59
638,60
638,62
638,64
638,65
638,67
638,68
638,70
638,71
638,73
639,1
639,2
639,4
639,5
640,0
640,2
640,3
640,5
640,6
640,8
640,9
640,11
640,13
640,14
640,16
640,17
640,19
640,21
640,22
640,24
640,25
641,1
641,3
641,4
641,6
641,7
641,9
641,10
641,12
641,14
641,15
641,17
641,18
641,20
641,22
641,23
641,25
641,26
641,28
641,29
641,31
641,33
641,34
641,36
641,37
641,39
641,41
641,42
641,44
641,45
641,47
641,48
641,50
641,52
641,53
641,55
641,56
641,58
641,60
641,61
641,63
641,64
641,66
641,68
641,69
641,71
641,72
641,74
641,75
641,77
641,79
641,80
641,82
641,83
641,85
641,87
641,88
641,90
641,91
641,93
641,94
641,96
641,98
641,99
641,101
641,102
641,104
641,128
641,129
641,131
641,132
641,134
641,135
641,137
641,139
641,140
641,142
641,143
641,145
641,147
641,148
641,150
641,151
641,153
641,154
641,156
641,158
641,159
641,161
641,162
641,164
641,166
641,167
641,169
641,170
641,172
641,174
641,175
641,176
641,173
641,171
641,168
641,165
641,163
641,160
641,157
641,155
641,152
641,149
641,146
641,144
641,141
641,138
641,136
641,133
641,130
641,105
641,103
641,100
641,97
641,95
641,92
641,89
641,86
641,84
641,81
641,78
641,76
641,73
641,70
641,67
641,65
641,62
641,59
641,57
641,54
641,51
641,49
641,46
641,43
641,40
641,38
641,35
641,32
641,30
641,27
641,24
641,21
641,19
641,16
641,13
641,11
641,8
641,5
641,2
641,0
640,23
640,20
640,18
640,15
640,12
640,10
640,7
640,4
640,1
639,6
639,3
639,0
638,72
638,69
638,66
638,63
638,61
638,58
638,55
638,53
638,50
638,47
638,44
638,42
638,39
638,36
638,34
638,31
638,28
638,25
638,23
638,20
638,17
638,15
638,12
638,9
638,7
638,4
638,1
637,4
637,2
636,34
636,31
636,29
636,26
636,23
636,20
636,18
636,15
636,12
636,10
636,7
636,4
636,1
635,17
635,14
635,11
635,9
635,6
635,3
635,1
634,9
634,6
634,3
634,1
633,2
632,3
632,1
631,2
630,3
630,0
629,2
628,3
628,0
627,2
626,3
626,0
625,1
624,3
624,0
623,1
622,11
622,8
622,5
622,2
622,0
621,174
621,171
621,169
621,166
621,163
621,161
621,158
621,155
621,152
621,150
621,147
621,144
621,142
621,139
621,136
621,133
621,131
621,128
621,103
621,101
621,98
621,95
621,92
621,90
621,87
621,84
621,82
621,79
621,76
621,74
621,71
621,68
621,65
621,63
621,60
621,57
621,55
621,52
621,49
621,46
621,44
621,41
621,38
621,36
621,33
621,30
621,27
621,25
621,22
621,19
621,17
621,14
621,11
621,9
621,6
621,3
621,0
620,24
620,21
620,18
620,16
620,13
620,10
620,7
620,5
620,2
616,6
616,4
616,1
615,72
615,69
615,67
615,64
615,61
615,59
615,56
615,53
615,50
615,48
615,45
615,42
615,40
615,37
615,34
615,32
615,29
615,26
615,23
615,21
615,18
615,15
615,13
615,10
615,7
615,4
615,2
611,10
611,7
611,5
611,2
541,2
540,1
539,2
538,1
537,1
536,2
535,2
534,2
534,0
533,0
532,1
531,1
530,6
530,1
525,2
525,0
524,0
523,1
522,1
521,3
521,0
520,0
519,2
518,3
518,0
517,1
516,3
516,0
515,1
514,5
514,0
513,2
512,5
512,1
511,2
510,3
510,1
509,5
509,2
509,0
508,8
508,3
507,11
507,8
507,3
507,0
506,2
505,26
505,21
505,17
505,14
505,9
505,4
505,2
504,11
504,7
504,2
504,0
503,5
503,2
503,0
502,12
502,7
502,4
502,1
501,10
501,5
501,2
500,14
500,9
500,6
500,2
499,4
499,0
498,1
497,2
496,4
496,1
494,2
490,4
490,0
489,2
488,5
488,1
487,5
487,0
486,1
485,2
485,0
484,0
483,1
482,3
481,3
481,0
480,1
479,3
479,0
478,2
478,0
477,1
476,3
476,1
475,5
475,1
474,2
474,0
472,3
472,0
471,1
470,1
469,1
468,0
467,1
466,0
465,0
464,1
463,0
462,1
461,5
461,2
460,5
460,2
460,0
459,2
458,4
458,2
457,4
457,0
456,2
456,0
455,1
454,2
454,0
453,1
452,3
452,0
451,3
451,0
450,1
449,4
449,0
448,3
448,1
447,5
447,1
446,4
446,2
445,4
445,0
444,2
443,4
443,1
442,3
442,1
441,3
441,0
440,5
440,2
439,4
439,1
438,5
438,1
437,3
437,1
436,4
436,0
435,3
435,1
434,11
434,6
434,3
433,5
433,1
432,3
431,3
431,0
430,2
430,0
429,2
428,7
428,4
428,1
427,6
427,1
426,7
426,3
425,4
425,1
424,2
423,3
423,0
422,3
422,0
421,2
421,0
420,3
420,0
419,2
418,3
417,5
417,2
417,0
416,0
414,3
414,0
412,3
411,2
410,2
410,0
408,3
408,0
407,1
406,1
405,3
405,0
404,3
404,0
403,2
403,0
402,1
401,1
400,4
400,2
399,6
399,1
398,6
398,2
397,6
397,3
397,0
396,3
396,0
395,3
395,0
394,2
394,0
393,3
392,4
392,0
391,3
390,4
390,0
389,3
389,0
388,1
387,5
387,2
386,6
386,2
386,0
385,1
384,2
384,0
383,1
382,1
381,2
381,0
380,3
380,0
379,2
378,4
378,1
377,2
377,0
376,1
375,5
375,2
374,3
374,0
373,2
373,0
372,2
371,4
371,1
370,2
369,4
369,1
368,3
367,3
367,0
366,4
366,1
365,5
365,1
364,4
364,1
363,6
363,3
363,0
362,1
361,8
361,3
361,0
360,4
360,1
359,2
358,3
358,0
357,1
356,1
355,2
355,0
354,1
353,5
353,2
352,3
352,0
351,27
351,22
351,17
351,12
351,9
351,4
351,0
350,2
349,3
349,0
348,2
348,0
347,1
346,4
346,1
345,4
345,1
344,1
343,410
343,406
343,401
343,398
343,393
343,388
343,385
343,380
343,375
343,371
343,367
343,363
343,358
343,355
343,350
343,345
343,341
343,337
343,333
343,328
343,325
343,320
343,315
343,310
343,307
343,302
343,298
343,295
343,290
343,285
343,280
343,277
343,272
343,268
343,264
343,260
343,255
343,252
343,247
343,242
343,238
343,234
343,230
343,225
343,222
343,217
343,212
343,207
343,204
343,199
343,195
343,192
343,187
343,182
343,177
343,174
343,169
343,165
343,161
343,157
343,152
343,149
343,144
343,139
343,134
343,131
343,127
343,122
343,119
343,114
343,109
343,104
343,101
343,96
343,92
343,88
343,84
343,79
343,74
343,71
343,66
343,34
343,30
343,26
343,21
343,16
343,13
343,8
343,3
343,1
342,5
342,2
342,0
341,2
340,5
340,1
339,5
339,0
338,3
338,1
337,5
337,1
336,5
336,3
336,0
335,1
334,4
334,0
333,0
332,1
331,4
331,1
330,3
330,1
329,3
329,0
328,3
327,4
327,0
326,3
326,0
325,2
324,5
324,2
323,3
323,0
322,14
322,12
322,9
322,6
322,4
322,1
321,4
321,1
320,4
320,1
319,1
318,3
318,0
317,2
316,3
316,1
315,4
315,0
314,4
314,1
313,4
313,1
312,4
312,1
311,3
311,0
310,1
309,2
309,0
308,1
307,2
306,6
306,3
306,0
305,1
304,6
304,2
303,5
303,2
303,0
302,3
301,4
301,1
300,4
300,1
299,5
299,2
298,5
298,1
297,5
297,2
296,5
296,3
296,0
295,2
294,4
294,1
293,3
292,5
292,3
292,0
291,2
290,3
290,1
289,2
288,3
288,0
286,3
285,3
285,1
284,1
283,1
282,1
281,2
280,2
279,15
279,12
279,8
279,3
278,11
278,8
278,3
278,0
277,3
276,3
275,3
274,3
274,1
273,1
272,0
271,2
270,3
269,3
269,0
268,1
267,1
266,1
265,2
264,13
264,9
264,6
264,2
263,12
263,7
263,4
263,0
262,2
262,0
261,3
260,3
260,0
259,1
258,2
257,2
255,2
254,1
253,1
252,0
251,1
250,2
249,2
248,16
248,12
248,7
248,4
248,1
247,9
247,3
247,0
246,0
245,0
244,1
243,1
242,1
241,0
240,1
238,3
237,1
234,3
231,7
231,0
230,6
230,3
229,7
229,1
228,24
228,21
228,17
228,13
228,11
228,8
228,5
228,3
227,4
227,0
226,3
225,3
224,3
223,3
223,0
222,0
221,0
220,1
219,2
218,3
216,5
216,3
215,3
214,4
214,1
213,1
212,1
211,1
210,3
209,3
208,3
208,0
207,0
206,0
204,4
204,1
203,1
201,28
201,25
201,20
201,15
201,12
201,8
201,3
200,4
200,1
199,1
198,1
197,3
196,3
195,3
191,3
191,0
190,0
189,0
188,4
187,1
186,1
182,13
182,9
182,5
182,1
181,3
180,3
179,3
179,0
178,0
177,0
176,0
175,1
174,1
173,1
172,3
171,3
170,3
169,3
169,0
168,0
167,0
166,1
165,1
164,3
164,0
163,1
159,10
159,6
159,4
159,0
158,1
157,3
156,3
155,3
154,3
154,0
153,0
152,1
151,32
151,29
151,26
151,21
151,19
151,15
151,11
151,9
151,5
151,1
150,20
150,18
150,14
150,11
150,9
150,4
150,0
149,5
149,1
148,1
147,17
147,14
147,9
147,4
147,1
146,1
145,1
144,20
144,17
144,12
144,7
144,4
144,0
143,0
142,8
142,6
142,3
141,3
141,0
140,0
139,0
138,32
138,29
138,24
138,19
138,16
138,11
138,6
138,3
137,7
137,4
137,0
136,6
136,3
135,7
135,5
135,1
134,6
134,3
134,0
133,5
133,1
132,5
132,1
131,1
130,148
130,145
130,140
130,136
130,134
130,129
130,100
130,98
130,94
130,89
130,86
130,84
130,81
130,76
130,73
130,69
130,64
130,59
130,56
130,51
130,47
130,45
130,40
130,35
130,31
130,29
130,24
130,19
130,17
130,14
130,11
130,8
130,6
130,3
129,90
129,87
129,82
129,77
129,74
129,69
129,65
129,42
129,39
129,35
129,31
129,28
129,23
129,18
129,13
129,10
129,7
129,4
129,1
128,111
128,107
128,104
128,102
128,99
128,96
128,94
128,91
128,87
128,84
128,81
128,77
128,73
128,69
128,66
128,62
128,60
128,57
128,53
128,49
128,47
128,43
128,39
128,37
128,33
128,30
128,27
128,25
128,22
128,19
128,17
128,13
128,10
128,7
128,5
128,1
127,33
127,31
127,28
127,25
127,22
127,18
127,14
127,11
127,8
127,4
127,0
126,5
126,1
125,20
125,17
125,14
125,11
125,8
125,6
125,1
124,3
123,3
123,0
122,4
122,1
121,3
120,3
119,5
119,3
118,3
116,3
115,3
115,0
112,5
112,1
111,4
111,0
109,1
108,0
107,1
106,0
102,3
102,0
99,5
99,0
98,1
97,4
97,0
96,0
95,5
95,1
94,3
94,0
93,0
92,0
91,1
90,3
89,3
88,3
88,0
87,0
86,0
85,0
84,1
83,1
82,1
81,3
80,3
79,3
78,3
78,0
77,0
76,1
67,3
64,3
63,8
63,3
63,0
62,0
61,0
60,1
59,1
58,1
57,3
56,3
55,4
55,0
54,4
54,0
53,1
52,9
52,4
52,0
51,0
50,1
49,1
48,6
48,4
48,0
47,0
46,0
45,1
44,1
43,1
42,3
41,4
41,0
40,1
39,4
39,0
38,1
37,4
37,0
36,0
35,1
34,1
33,8
33,3
33,0
32,5
32,0
31,1
30,1
29,1
28,1
19,3
16,3
15,3
15,0
14,1
13,5
13,0
12,3
11,6
11,1
10,4
10,0
9,0
8,1
7,1
6,1
5,1
2,128
2,120
2,117
2,115
2,112
2,108
2,105
2,103
2,100
2,97
2,95
2,92
2,89
2,86
2,84
2,81
2,78
2,76
2,73
2,70
2,68
2,65
2,29
2,26
2,24
2,20
2,14
2,12
2,9
2,6
2,2
2,1
1,4
0,626
0,625
2,0
1,3
0,613
0,612
0,609
0,606
0,603
0,598
0,594
0,279
0,278
0,277
0,537
0,276
0,341
0,275
0,518
0,274
0,552
0,273
0,390
0,272
0,371
0,271
0,270
0,507
0,269
0,314
0,268
0,433
0,267
0,506
0,266
0,353
0,265
0,369
0,264
0,263
0,517
0,262
0,432
0,261
0,260
0,516
0,259
0,301
0,258
0,418
0,257
0,515
0,256
0,313
0,255
0,396
0,254
0,349
0,253
0,478
0,252
0,440
0,251
0,347
0,250
0,337
0,249
0,514
0,248
0,247
0,439
0,246
0,431
0,245
0,244
0,242
0,438
0,241
0,426
0,240
0,538
0,239
0,429
0,238
0,512
0,237
0,415
0,236
0,428
0,235
0,427
0,234
0,414
0,233
0,575
0,232
0,522
0,231
0,574
0,230
0,529
0,229
0,413
0,228
0,394
0,227
0,395
0,226
0,391
0,225
0,224
0,573
0,223
0,572
0,222
0,411
0,221
0,220
0,564
0,219
0,387
0,218
0,386
0,217
0,409
0,216
0,385
0,215
0,544
0,214
0,535
0,213
0,212
0,408
0,211
0,436
0,210
0,312
0,209
0,311
0,208
0,318
0,207
0,317
0,206
0,541
0,205
0,384
0,204
0,309
0,203
0,534
0,202
0,316
0,201
0,424
0,200
0,437
0,199
0,547
0,198
0,423
0,197
0,540
0,196
0,407
0,195
0,306
0,194
0,393
0,193
0,406
0,192
0,519
0,63
0,380
0,62
0,392
0,61
0,434
0,60
0,422
0,59
0,421
0,58
0,570
0,57
0,379
0,56
0,55
0,364
0,54
0,420
0,53
0,404
0,52
0,419
0,51
0,539
0,50
0,403
0,49
0,566
0,48
0,329
0,47
0,417
0,46
0,45
0,402
0,6
0,5
0,1
0,441
0,11
0,4
0,2
0,3
0,7
